1 0.2705
2 0.192728
3 0.130964
4 0.0692
5 0.0650533333333333
6 0.0609066666666667
7 0.05676
8 0.0526133333333333
9 0.053699
10 0.060017
11 0.066335
12 0.072653
13 0.078971
14 0.082814
15 0.084182
16 0.08555
17 0.086918
18 0.088286
19 0.090079
20 0.092297
21 0.094515
22 0.096733
23 0.098951
24 0.099196
25 0.097468
26 0.09574
27 0.094012
28 0.092284
29 0.092453
30 0.094519
31 0.096585
32 0.098651
33 0.100717
34 0.100645
35 0.098435
36 0.096225
37 0.094015
38 0.091805
39 0.093647
40 0.099541
41 0.105435
42 0.111329
43 0.117223
44 0.12067
45 0.12167
46 0.12267
47 0.12367
48 0.12467
49 0.127941
50 0.133483
51 0.139025
52 0.144567
53 0.150109
54 0.155551
55 0.160893
56 0.166235
57 0.171577
58 0.176919
59 0.182566
60 0.188518
61 0.19447
62 0.200422
63 0.206374
64 0.220485
65 0.242755
66 0.265025
67 0.287295
68 0.309565
69 0.318695
70 0.314685
71 0.310675
72 0.306665
73 0.302655
74 0.325429
75 0.374987
76 0.424545
77 0.474103
78 0.523661
79 0.536288
80 0.511984
81 0.48768
82 0.463376
83 0.439072
84 0.470058
85 0.556334
86 0.64261
87 0.728886
88 0.815162
89 0.851333
90 0.837399
91 0.823465
92 0.809531
93 0.795597
94 0.809767
95 0.852041
96 0.894315
97 0.936589
98 0.978863
99 1
100 1
101 1
102 1
103 1
104 1
105 1
106 1
107 1
108 1
109 1
110 1
111 1
112 1
113 1
114 1
115 1
116 1
117 1
118 1
119 1
120 1
121 1
122 1
123 1
124 1
125 1
126 1
127 1
128 1
129 1
130 1
131 1
132 1
133 1
134 1
135 1
136 1
137 1
138 1
139 1
140 1
141 1
142 1
143 1
144 1
145 1
146 1
147 1
148 1
149 1
150 1
