"0" "1" "5" "10" "15" "20" "25" "30" "35" "40" "45" "50" "55" "60" "65" "70" "75" "80" "85" "90" "95"
"1" 0.30720983442 0.36619890926 0.09021512694 0.0482183196 0.06584805042 0.08182967418 0.08770288904 0.0913471671 0.09587559386 0.09696744368 0.10191495446 0.1313215388 0.1766277246 0.27999195342 0.40521092722 0.58028047944 0.76636197078 0.83769652625867 0.929030079627237 0.978699881488326 1
"2" 0.28467674219 0.33279394357 0.08172407233 0.0438082122 0.05993275419 0.07454660551 0.07999478828 0.08334186345 0.08762102327 0.08896533576 0.09388408497 0.1212869466 0.1634293597 0.25921651269 0.37679769179 0.54342732108 0.72478871921 0.813545762508218 0.915112436476574 0.973268686345757 1
"3" 0.26432671007 0.30262533121 0.07405565149 0.0398253666 0.05459054607 0.06796913803 0.07303346684 0.07611213285 0.08016617531 0.08173849128 0.08663126541 0.1122245298 0.1515096841 0.24045384657 0.35113719887 0.51014458524 0.68724318413 0.789995050825706 0.900866089697002 0.96738588617992 1
"4" 0.24579738717 0.27515589251 0.06707332119 0.0361988646 0.04972630317 0.06198015393 0.06669497204 0.06952924335 0.07337830961 0.07515822968 0.08002735271 0.1039729238 0.1406564571 0.22336986867 0.32777253997 0.47983964244 0.65305683303 0.767097397876024 0.886396850258864 0.961095934010548 1
"5" 0.22880969491 0.24997189773 0.06067191737 0.0328740858 0.04526676291 0.05648945039 0.06088383692 0.06349404705 0.06715519103 0.06912544264 0.07397288233 0.0964078474 0.1307062133 0.20770726941 0.30635180931 0.45205605612 0.62171476969 0.744875162257968 0.871787044977811 0.954438929120802 1
"6" 0.21314998799 0.22675662097 0.05477093293 0.0298092162 0.04115583999 0.05142797371 0.05552697788 0.05793064245 0.06141855467 0.06356425896 0.06839171037 0.0894341586 0.1215338137 0.19326906849 0.28660560959 0.42644440668 0.59282282141 0.723339829492595 0.857106903080527 0.947453750475276 1
"7" 0.19863776081 0.20524246543 0.04930234867 0.0269689278 0.03734614881 0.04673738149 0.05056264772 0.05277490155 0.05610227573 0.05841057624 0.06321950403 0.0829714734 0.1130335303 0.17988884031 0.26830633121 0.40270947492 0.56604795779 0.702476842935328 0.84240359831114 0.940171362761193 1
"8" 0.18513587142 0.18522612026 0.04421448594 0.0243263796 0.03380168742 0.04237334718 0.04594393304 0.0479781021 0.05115611486 0.05361569168 0.05840738546 0.0769587188 0.1051250346 0.16744014042 0.25128104422 0.38062696344 0.54113715378 0.682279193459504 0.827724091816815 0.932624632060669 1
"9" 0.17252699118 0.16653364754 0.03946313226 0.0218586084 0.03049165518 0.03829794822 0.04163069816 0.0434985609 0.04653709094 0.04913793872 0.05391353834 0.0713436452 0.0977396034 0.15581479218 0.23538180238 0.36000497976 0.51787393962 0.662728374332661 0.813102332731399 0.924841453407977 1
"10" 0.160839044801722 0.148604597523139 0.0344615321778139 0.0195510922512814 0.0276821741763112 0.0347161035918918 0.0379120758048141 0.0394351251510918 0.042401466033897 0.0450970151779183 0.0498570168896637 0.0659731542267811 0.0908373685651689 0.14464797601107 0.220530334394786 0.341221803721566 0.496558187129441 0.644226806194861 0.798895055004819 0.917031150258853 1
"11" 0.150637954528979 0.13111332289114 0.0300463295306004 0.0172413109569179 0.0244691081263477 0.030861555764978 0.0338532433460746 0.0354052359674173 0.0383012397037238 0.0412771532747103 0.0461363249957117 0.0615066186110534 0.0849587277172785 0.135532977395234 0.208152494368065 0.3253863510852 0.479186714814567 0.628731166281025 0.786720833556965 0.91014855409528 1
"12" 0.140675721051216 0.1149649907753 0.0260099524910331 0.0151090863768 0.0215074253233966 0.0272830563619638 0.0300692278796354 0.0316160639637721 0.0344230814747596 0.0376171612696389 0.0425363505340759 0.0571525745814854 0.0792166168523495 0.126611621016717 0.1959779834181 0.309704674185387 0.461846973155206 0.612887923385715 0.774015446085978 0.902782329064012 1
"13" 0.130968923313937 0.100028192135648 0.0223077838989401 0.0131370135376428 0.0187727822395605 0.0239570623654119 0.0265388824290909 0.028052565014124 0.0307560623438198 0.0341145521457841 0.0390594076173283 0.0529172314991791 0.073620470106463 0.117900044117435 0.184033950085797 0.294218656444705 0.444590542973015 0.596746016317355 0.760803157145863 0.894927016493737 1
"14" 0.121525735679185 0.0861688638440002 0.0188964405942087 0.0113073443178467 0.0162402904151587 0.0208586527650412 0.0232391607963713 0.0246972475174687 0.0272863795759803 0.030763714728378 0.0357046728751595 0.0488031078707919 0.0681748996677385 0.109407005645217 0.172337872857701 0.278958671764396 0.427457752668046 0.580347785771848 0.747105432245619 0.886576396276482 1
"15" 0.112362276905246 0.0732767719199966 0.0157402411917368 0.00960548380919025 0.0138893727746718 0.0179674370247977 0.0201513809223652 0.0215364585158149 0.0240037868481447 0.0275619572417051 0.0324741074883851 0.0448161861250231 0.0628891257759207 0.10114854132534 0.1609175599205 0.263969406041192 0.410506419428776 0.563756153570364 0.732963846783736 0.877737823006206 1
"16" 0.103490704931649 0.0612482406421373 0.0128067956872922 0.00801770976374434 0.0117006107950159 0.0152637389686602 0.0172571775096724 0.0185562772059081 0.0208973409886062 0.0245053594905726 0.0293682638536157 0.0409607405423748 0.0577701169539684 0.0931372552738881 0.149796355673469 0.249290525334573 0.393790213558422 0.547034569375993 0.718424302454547 0.868423613657968 1
"17" 0.0949148583500901 0.0499821212653797 0.0100658978311958 0.00653064026590418 0.00965503463616262 0.0127277194886124 0.0145375577933214 0.015741486194902 0.0179542817484647 0.0215875267481975 0.0263848887496755 0.0372374770456826 0.0528200735532544 0.0853783134322089 0.138987343354009 0.234948626022468 0.37734904416999 0.530236544909846 0.70352776548242 0.858645312427298 1
"18" 0.0865870040974251 0.039326501616985 0.00754675019071802 0.00512419959293759 0.00772450904065004 0.0103274292131595 0.0119600774782232 0.013062174950306 0.0151459446083382 0.0187853690415793 0.0235041381052925 0.0337905123474841 0.0481123084671426 0.0782809101437966 0.128765398432577 0.220895800764823 0.361326020883951 0.513527296658006 0.688420484922094 0.848488342528525 1
"19" 0.0773432054455462 0.0306345859158901 0.00590182341652702 0.00403694525886364 0.00584953824514418 0.00800945440054543 0.00934322255845659 0.0106904657877398 0.0125679422371858 0.0161298993717179 0.0206861260352145 0.0303050996495432 0.0433732424220312 0.070845044463054 0.117947991006344 0.205731280876924 0.343041990123823 0.494047758920723 0.670442748376645 0.836089842607759 1
"20" 0.0682044255119607 0.0233603846955459 0.00436917921734736 0.0030776159664989 0.00446887571749203 0.00621661126694868 0.00733258665355265 0.00853713694430546 0.0101900711409508 0.0135113028309042 0.0177776856411854 0.0265272678408174 0.0382070998710094 0.0627041110388399 0.105945610527191 0.18859265737295 0.321933233153461 0.471004633897933 0.648664815212234 0.820622125139686 1
"21" 0.059112933295936 0.017160691373046 0.00310334542485119 0.00226020667303505 0.00328982770457571 0.00465960735810796 0.00556576554560862 0.00660960484528957 0.00802687374507018 0.0110450568609394 0.0149626750671008 0.0227985037137853 0.0330735906759712 0.0545735154330063 0.0937684929348176 0.170823281354863 0.299492549168086 0.445844466021424 0.624247384339236 0.802702144618737 1
"22" 0.0501269286532138 0.012026765170398 0.00209212610056891 0.00158351675955834 0.0023112541309979 0.0033422435096588 0.00405061379096245 0.00492128701142035 0.0060967873567682 0.00875550618183383 0.0122664340213994 0.0191461233344234 0.0280063144573698 0.0465011400664924 0.0814589586727865 0.15240903559944 0.275560848658142 0.418241478541284 0.59668172212414 0.781745242973953 1
"23" 0.0413258368676281 0.00793193440413071 0.00131850315093562 0.00104397370848985 0.00152869101505224 0.00226498225821927 0.00279211034350515 0.00348410155189916 0.00441817648634877 0.00667042556872171 0.00972032383957267 0.0156062001156678 0.0230508861648886 0.0385536006501259 0.0690837660848921 0.133354864515997 0.249958547308161 0.387802007763592 0.56532132953081 0.756973423384543 1
"24" 0.0328415585127142 0.00483310641155268 0.000761092435660028 0.00063583194363814 0.000934641084038739 0.00142545070823635 0.00179312125891846 0.00230980165932049 0.0030115049960747 0.00482566885362616 0.00736928636479615 0.0122356352138162 0.0182824373893777 0.0308449432894178 0.056780818549114 0.113756141426599 0.222568368146583 0.354149745444057 0.529442250124934 0.727421892735319 1
"25" 0.0248646794056278 0.00265281722014018 0.000391267832052559 0.000348809133237521 0.000515128260020068 0.000813642796851922 0.00104890046996661 0.00140416246621251 0.00189332478429098 0.00326073841530516 0.00527003583108566 0.00911327693814708 0.013808838551122 0.0235437189071657 0.0447783163273173 0.0938392655421373 0.193388561962505 0.316985240718962 0.488280439011059 0.691921833931816 1
