"0" "1" "5" "10" "15" "20" "25" "30" "35" "40" "45" "50" "55" "60" "65" "70" "75" "80" "85" "90" "95"
"1" 0.36555423844 0.26177937062 0.07318034386 0.0572247532 0.07400002072 0.09189734001 0.10262110476 0.11560756756 0.12588192995 0.13336527428 0.14078105781 0.17885905637 0.22187219218 0.31359460346 0.3965305346 0.52883945563 0.66953016789 0.778305017349629 0.893554075222321 0.964245878299221 1
"2" 0.33399320224 0.23760245552 0.06656523856 0.0520456672 0.06743984512 0.08385013896 0.09369110496 0.10557897376 0.1151117852 0.12226947488 0.12967348776 0.16517763752 0.20571501328 0.29144224016 0.3711844016 0.49857711448 0.63720403944 0.756005064305623 0.8791733467044 0.957842051725532 1
"3" 0.30556192556 0.21582305138 0.06060612214 0.0473801668 0.06153021128 0.07660094099 0.08564665124 0.09654486844 0.10540966505 0.11227399372 0.11966740319 0.15285294063 0.19116006582 0.27148662254 0.3483517254 0.47131574737 0.60808354111 0.734840783050124 0.865010168860213 0.951250477445947 1
"4" 0.27973706576 0.19604025848 0.05519330344 0.0431423728 0.05616233888 0.07001630804 0.07833966704 0.08833895824 0.0965969798 0.10319484112 0.11057861924 0.14165810148 0.17793943272 0.25336042184 0.3276122184 0.44655354652 0.58163264356 0.714726731077437 0.851093789399571 0.944509554528916 1
"5" 0.25611698592 0.17794640816 0.05024260048 0.0392663776 0.05125274496 0.06399383368 0.07165651168 0.08083362208 0.0885366716 0.09489081504 0.10226578408 0.13141901416 0.16584750224 0.23678173328 0.3086433328 0.42390540184 0.55743997352 0.69558352215754 0.837442528233255 0.937651308817161 1
"6" 0.23438684388 0.16130031974 0.04568802322 0.0357005164 0.04673598744 0.05845324177 0.06550810252 0.07392881812 0.08112130115 0.08725122756 0.09461809237 0.12199919749 0.15472309586 0.22152957242 0.2911922242 0.40306942651 0.53518305653 0.677338779384273 0.824067372173691 0.930702771160384 1
"7" 0.21429140352 0.14590647296 0.04147607488 0.0324029056 0.04255901376 0.05332945408 0.05982222208 0.06754344448 0.0742637696 0.08018634624 0.08754571648 0.11328800896 0.14443554944 0.20742479168 0.2750539168 0.38380088704 0.51460046912 0.659923669078156 0.810971692144151 0.923685570780531 1
"8" 0.19562843868 0.13160995514 0.03756436942 0.0293403604 0.03867978984 0.04857090847 0.05454165172 0.06161324332 0.06789506765 0.07362507516 0.08097748507 0.10519778539 0.13488133646 0.19432545062 0.2600660062 0.36590587861 0.49548508283 0.643280468779972 0.798158737257219 0.916619821157617 1
"9" 0.17822242928 0.11827631144 0.03391611832 0.0264840784 0.03506183264 0.04413285212 0.04961672912 0.05608244272 0.0619552994 0.06750570736 0.07485162572 0.09765244044 0.12597060216 0.18210835352 0.2460875352 0.34921610356 0.47765712268 0.627348715522418 0.785622561623926 0.909519154113853 1
"10" 0.1619379948 0.1058018354 0.0305029462 0.023811844 0.0316770024 0.0399807667 0.0450091492 0.0509080252 0.0563982665 0.0617806476 0.0691204927 0.0905932879 0.1176340406 0.1706784782 0.233009782 0.3336017521 0.4609779263 0.612083962081545 0.773363776223447 0.902399520351681 1
"11" 0.1466483618 0.0940894139 0.0272982817 0.021302854 0.0284989484 0.03608232845 0.0406830422 0.0460497082 0.05118070775 0.0564053266 0.06373946945 0.08396537265 0.1098067521 0.1599468437 0.220730937 0.31894126735 0.44531764705 0.597433731868747 0.761371552177248 0.895269006186868 1
"12" 0.13225692184 0.08306504132 0.02428187596 0.0189412552 0.02550758992 0.03241290486 0.03661107336 0.04147679416 0.0462696557 0.05134578008 0.05867455566 0.07772681582 0.10243927948 0.14984564156 0.2091734156 0.30514201618 0.43057733454 0.583361318951102 0.749643500558256 0.888139425375059 1
"13" 0.11879343772 0.0723223411075155 0.02145996718 0.0167156667195224 0.02270911336 0.02898008463 0.03280166388 0.03719874028 0.04167526685 0.04661247164 0.05393622603 0.07189051931 0.09554685934 0.14039576198 0.1983611198 0.29223253669 0.41678747307 0.569946663410691 0.738273414064418 0.88108201738198 1
"14" 0.106044486757669 0.0602248910582852 0.0185183539821742 0.0142957550762203 0.0202498506335701 0.0262826885478159 0.0298342848118563 0.0336617446332605 0.0377493712546301 0.0425071084434527 0.049904364292643 0.0668955573874485 0.0897711711525508 0.132445120508484 0.189688617948946 0.282032388785114 0.405737354429731 0.559022127321678 0.728876836592979 0.875142742383684 1
"15" 0.0939416967135468 0.0504402343256388 0.0158459232605982 0.0122700100503334 0.0175171528794903 0.0228494124743159 0.0260754430774014 0.0295961913474055 0.0335584167781226 0.0383842458274379 0.0459337787032454 0.0621234056119868 0.0842158146029824 0.124951957824562 0.181220712836321 0.27207026803056 0.395307944396629 0.548567619780571 0.719769309799874 0.86929481440526 1
"16" 0.082312948669177 0.0415777621224583 0.0133690282954457 0.0103805598848932 0.0149655281972687 0.0196364531744105 0.0225357700214532 0.0257333086147537 0.0295239546298908 0.0343503692628639 0.0419836967840169 0.0573394115358009 0.0786054027336327 0.117350882540744 0.172560275069448 0.261817785440522 0.384507654777588 0.537593578052735 0.710087871765936 0.862980624525178 1
"17" 0.0711686085327363 0.0335099197596922 0.011070737193525 0.00861683112496715 0.0125839672000066 0.0166328137873378 0.019207735089598 0.022070598994004 0.0256514694926464 0.0304187893544131 0.0380722302661981 0.0525668725858255 0.0729680007413864 0.109679719183783 0.163748762760268 0.251320777248008 0.373379794725161 0.526128555612635 0.699840416385883 0.856188442002008 1
"18" 0.0605192244453957 0.026117554134686 0.00893424523130073 0.00696830112548719 0.0103610609934188 0.0138267724885195 0.0160830246434787 0.0186050092072984 0.0219465708957503 0.0266042940128179 0.0342207130770524 0.047834076136486 0.0673387901930636 0.101986942898922 0.154841848745277 0.240643632702071 0.361988820654285 0.514225148453233 0.689057219650948 0.848921282569571 1
"19" 0.0503626941331667 0.0192860793983751 0.00694118609113361 0.00542310023786502 0.00828295884400616 0.0112031611936813 0.013149287986938 0.0153290401068249 0.018410416162623 0.0229180383682372 0.0304483400625424 0.0431677167723699 0.0617523117499053 0.0943212013936106 0.145897645918453 0.229855631391582 0.350406338197733 0.501946827884699 0.677780404005092 0.841190989414577 1
"20" 0.040693628919965 0.0129164800325199 0.00507444159845921 0.00397007964751814 0.00633606611979122 0.00874665680683644 0.0103935612233997 0.0122341958858491 0.0150428451173092 0.0193701380985306 0.0267742822964218 0.038595318426962 0.0562452074621767 0.0867350172927834 0.136981004812621 0.219036259639427 0.338717082864158 0.489375189761334 0.666071647929193 0.833024512165568 1
"21" 0.0311712796505586 0.00781136307786945 0.00341946906386934 0.00274861874457865 0.00442665504211799 0.00634050266148613 0.00768812449678163 0.00918167361830285 0.0116999337932772 0.0158807541321934 0.0230692081909245 0.0340459884596057 0.0506108474856119 0.0791028371601118 0.127759836385623 0.207781283692581 0.326480639164822 0.476019422401846 0.653451658920632 0.824063809741549 1
"22" 0.0228232832429368 0.00469360653623873 0.0022304793147953 0.00181672260485265 0.00296330422345306 0.00416194694805393 0.00516434491361771 0.00645345817903722 0.0086366364734766 0.012336376063745 0.0189229446913996 0.0286312348950537 0.0436798441365639 0.0692980318044659 0.11524456686629 0.191667077116153 0.308197818251575 0.455686736993094 0.633878994474903 0.809843309653775 1
"23" 0.0153005529583272 0.00244179460358411 0.00128928076678488 0.00106805762881141 0.00179034469116146 0.00255862399723019 0.0032497109426815 0.00417882900061394 0.00586493901797111 0.00892231335995222 0.0146759140084132 0.0229263425786776 0.0361603227059955 0.0584780184547578 0.101079194227836 0.173118186660499 0.286688797621272 0.431176938561349 0.609701839878692 0.791739441668124 1
"24" 0.0090574934407588 0.00103662982494877 0.00062840629515455 0.000532271387015792 0.000924734916930036 0.00135202649361486 0.0017704805961332 0.00236374902382874 0.00353096351763215 0.00583435950199912 0.0105167577256371 0.0171319658016925 0.0282266009687017 0.0468088462265673 0.0851105786288573 0.151490705176925 0.260746001073565 0.400744487199247 0.578780251120293 0.767725670478664 1
"25" 0.00445507701608071 0.000325138225977107 0.000237605071995493 0.000207396660308156 0.000378198352283755 0.00057027331228717 0.000778295729345301 0.00109323773195914 0.00177688273017787 0.00328340477924837 0.00669920082762082 0.0115497661423958 0.0201871716494766 0.0346344540776046 0.0674402229113165 0.126459434439451 0.229334662507421 0.362570755346509 0.538542054656847 0.735039208904268 1
