"0" "1" "5" "10" "15" "20" "25" "30" "35" "40" "45" "50" "55" "60" "65" "70" "75" "80" "85" "90" "95"
"1" 0.41950233962 0.25999479067 0.06758603218 0.04848061737 0.06514574821 0.09235300737 0.10364019481 0.11973062125 0.13932447568 0.16599355496 0.18801447762 0.23110088584 0.2707571041 0.351914057 0.44036810139 0.55785533729 0.70862113105 0.801563150596324 0.906417724636864 0.968878699692735 1
"2" 0.3838547908 0.2361784478 0.0616364212 0.0442457258 0.0596364514 0.0845383258 0.0947658954 0.109438725 0.1274682112 0.1521612464 0.1731297108 0.2137174256 0.252177994 0.32936138 0.4149480126 0.5295356186 0.677494857 0.781422510644282 0.893828461967281 0.963398841004065 1
"3" 0.35173705424 0.21472039384 0.05627593936 0.04043017224 0.05467268392 0.07749745224 0.08677032712 0.10016593 0.11678595136 0.13969860992 0.15971883024 0.19805527168 0.2354385832 0.309041864 0.39204501528 0.50402011208 0.6494506996 0.762289528710177 0.881436660560602 0.957773393207191 1
"4" 0.32256499366 0.19523036381 0.05140709374 0.03696456191 0.05016416803 0.07110233191 0.07950807183 0.09174358875 0.10708341424 0.12837898328 0.14753792766 0.18382957112 0.2202344263 0.290585951 0.37124256477 0.48084475847 0.62397861015 0.744095076528542 0.869270217803163 0.952035926498547 1
"5" 0.29588392678 0.17740458173 0.04695399742 0.03379487903 0.04604063299 0.06525328903 0.07286593839 0.08404042875 0.09820937392 0.11802593624 0.13639714878 0.17081859896 0.2063285479 0.273705983 0.35221642941 0.45964834151 0.60068157495 0.726770008781631 0.857344625833639 0.946213271258975 1
"6" 0.27134024502 0.16100679957 0.04285763278 0.03087911527 0.04224742891 0.05987280527 0.06675589751 0.07695435875 0.09004622128 0.10850225816 0.12614884302 0.15884991864 0.1935366511 0.258178247 0.33471445269 0.44014994159 0.57925083455 0.710252774975627 0.84567032077673 0.94032863308734 1
"7" 0.24864078486 0.14584115301 0.03906907054 0.02818244311 0.03873924763 0.05489661311 0.06110496743 0.07040073875 0.08249645104 0.09969419288 0.11667059886 0.14778056952 0.1817059423 0.243817271 0.31852758117 0.42211665887 0.55943040815 0.6944797990908 0.834247741992785 0.934398904224303 1
"8" 0.22756029634 0.13175715119 0.03555071626 0.02567810309 0.03548127697 0.05027533309 0.05585707317 0.06431453625 0.07548514576 0.09151433672 0.10786836234 0.13750070888 0.1707190237 0.230480549 0.30349519023 0.40536954653 0.54102361485 0.679402573394425 0.823081059910909 0.928441610133934 1
"9" 0.20790200938 0.11862333083 0.03226972882 0.02334271913 0.03244310629 0.04596582913 0.05096322969 0.05863894125 0.06894686032 0.08388633704 0.09965997138 0.12791438216 0.1604733409 0.218043593 0.28947696411 0.38975228321 0.52385864145 0.664968782247844 0.812165805108059 0.922468532725448 1
"10" 0.18950271236 0.10633064926 0.02919886804 0.02115690186 0.02959951138 0.04193232186 0.04638280618 0.0533268325 0.06282731104 0.07674686288 0.09197727636 0.11894199952 0.1508838298 0.206403146 0.27635651742 0.37513520762 0.5077929769 0.651131501382347 0.801496386655877 0.916489566313453 1
"11" 0.17223743238 0.09479561133 0.02631727582 0.01910580463 0.02693117779 0.03814741463 0.04208469119 0.04834212875 0.05708493232 0.07004742104 0.08476809438 0.11052261816 0.1418853559 0.195480143 0.26404473261 0.36141903671 0.49271749895 0.637857802079577 0.791073837336199 0.910517294647437 1
"12" 0.1559784083 0.08393285905 0.0236036287 0.01717424955 0.02441836015 0.03458309955 0.03803707915 0.04364794375 0.0516772312 0.0637384364 0.0779790783 0.1025939356 0.1334113315 0.185193755 0.25245050385 0.34850227235 0.47852065075 0.625100845846312 0.780884705804115 0.904555042831536 1
"13" 0.140154546632332 0.0713881405452299 0.0207098395218038 0.0149976379997597 0.022028697219291 0.03125007332 0.03425211716 0.039258365 0.04662043648 0.0577906650429444 0.0714797896094931 0.094717525761704 0.125027297034445 0.175136032459634 0.241165876557177 0.336176953100952 0.464918267915652 0.612643573731354 0.770772600704769 0.898518708713087 1
"14" 0.125116541531765 0.0604846386439514 0.0181722690337028 0.0132600016345979 0.0197448962326891 0.0280438002052796 0.0306106235087572 0.0349923517052716 0.0418301333207124 0.0522330333414988 0.0657697228870494 0.0883209977406856 0.118378640508698 0.167184277003602 0.232353177972523 0.3264654246406 0.454393929944445 0.602847276215945 0.762708210274688 0.893620751340056 1
"15" 0.111944221283303 0.0514451830960436 0.015982993375073 0.011746445876694 0.0177344320232985 0.0251581435377133 0.0273052346303069 0.031179654330212 0.0374583385032749 0.0472963312810329 0.0606170423302742 0.0824838154664612 0.112246013709937 0.159809860777436 0.224132558495725 0.317364007856513 0.444493519829858 0.593505589388626 0.754926171639419 0.888824405357014 1
"16" 0.0991470163728088 0.0430715108619902 0.0138841640916177 0.0102828264765682 0.0157723446276596 0.0223472483811755 0.0241015909575304 0.0274852332798238 0.0332039014764873 0.0424386809894105 0.0554729392783298 0.0765950977274492 0.10599650183513 0.152256029766353 0.215664670321147 0.307946398650725 0.434211426673544 0.5836739231129 0.746639245522672 0.883642158162537 1
"17" 0.0867624523291311 0.035299800335351 0.0118770756214592 0.0088718969676803 0.0138654234239756 0.0196203892461764 0.0210081709680157 0.0239185462433715 0.0290802448089082 0.0376808580966856 0.0503645868176184 0.0706876177175682 0.0996646456672919 0.144563293486563 0.206992454894933 0.298257328172095 0.423593164174035 0.573381534342423 0.737857871902848 0.878067401817409 1
"18" 0.0748130317362653 0.02805753468258 0.00996020266281185 0.00751461326697016 0.0120183367372572 0.0169836839055036 0.0180295467201403 0.0204845408335291 0.0250959346208061 0.0330393130629735 0.045316591745209 0.0647930078137379 0.0932856226311924 0.136774013021017 0.198162152366662 0.288346189800407 0.412690118077109 0.562665329482761 0.728599688577531 0.872098004715715 1
"19" 0.0633286669946648 0.0212818995416577 0.00813312071281803 0.00621278675006895 0.010237027261225 0.014444971378346 0.0151720384843103 0.0171901958447426 0.0212620945957268 0.0285344245809177 0.040359613602289 0.0589517371342734 0.0869061136088559 0.128945796676322 0.189238709735079 0.278284585321664 0.401579109034666 0.551590092979367 0.718907896004657 0.865748877399178 1
"20" 0.0523167313801632 0.0149056575302833 0.00639202320875358 0.0049657859171928 0.0085240004253836 0.0120071246252499 0.0124363193277173 0.0140360162318005 0.0175823475075208 0.024178318648775 0.0355165990661922 0.0531967973208281 0.0805665610175005 0.121129876136742 0.180281399662406 0.268139147650145 0.390332714761043 0.540220266339111 0.708827829870458 0.8590377184919 1
"21" 0.0413192495839352 0.00969429063638497 0.00480572459759781 0.00385372903767502 0.00687558307737006 0.00962869537810384 0.00985021818172205 0.0111511407672886 0.0141710323612426 0.0202347080456182 0.0309797750114551 0.0478010006630699 0.074257866470799 0.113232801981034 0.171016405580068 0.25752820962198 0.378524920965801 0.528109205679526 0.697945166095659 0.851670086346846 1
"22" 0.0309799581965997 0.0061782675385637 0.00345034167235749 0.00283733721319976 0.00526520046524947 0.00734018420407162 0.00738558342763721 0.00834341604601408 0.0107614874041643 0.0159060811164633 0.0255823502205026 0.040902681957762 0.0659436206951833 0.102505241768879 0.158108476638288 0.242154556466887 0.36098128243845 0.509784335359999 0.681193360535492 0.840083786444124 1
"23" 0.02160618749955 0.00346680020282338 0.00225580480035069 0.00191586391618167 0.00373912177152308 0.0051825112939498 0.0051048472062385 0.00575134070591537 0.00756075808079153 0.0116812477507888 0.0200128385549203 0.0334918710712789 0.0566278440279825 0.0902203695560261 0.142968750532457 0.223899823229196 0.339816557916056 0.487146183441193 0.660022419973046 0.82502087555349 1
"24" 0.0134700892786243 0.00162516285739905 0.00129212369452548 0.00114483497905587 0.00238706702242769 0.0032834407242253 0.00314530082531946 0.00353110656986665 0.00475935325857871 0.0077927422283727 0.0145041481889875 0.0257697544234843 0.0463770446903337 0.0763148872469071 0.125291874530487 0.202032696295397 0.31393391097923 0.458661223198178 0.632631627540626 0.804846281500494 1
"25" 0.007106332828179 0.000582894680548663 0.000607838857629942 0.00057029110261308 0.00130041856221119 0.00177040785575585 0.00163311793393775 0.00182467309340772 0.00254386495268631 0.00450574618852991 0.00938138061023324 0.0180740578499186 0.0353938762416614 0.0608449457193888 0.104797110426609 0.175799351221835 0.282015682822613 0.422294270212236 0.596430020589166 0.777011527072369 1
