"0" "1" "5" "10" "15" "20" "25" "30" "35" "40" "45" "50" "55" "60" "65" "70" "75" "80" "85" "90" "95"
"1" 0.42820278012 0.24506399952 0.07264843808 0.04065886648 0.05432643812 0.07058892244 0.0832368038 0.09184742652 0.09945818104 0.10316818104 0.11083950888 0.14182438528 0.20174719244 0.29426005228 0.41970154472 0.56472214428 0.72831419364 0.81567196217787 0.916366213209929 0.97377106370892 1
"2" 0.39364041468 0.22350802128 0.06632724512 0.03720825272 0.04980157668 0.06475010516 0.0763266982 0.08427442428 0.09141464056 0.09512464056 0.10271310632 0.13183358592 0.18777013516 0.27457734892 0.39344018408 0.53349793692 0.69424308196 0.794512039419222 0.903649050146601 0.968559806816736 1
"3" 0.36212743614 0.20385389544 0.06056376176 0.03406208156 0.04567593714 0.05942643818 0.0700262611 0.07736957694 0.08408076988 0.08779076988 0.09530368436 0.12272426016 0.17502625318 0.25663122166 0.36949582484 0.50502859566 0.66317801458 0.774021748883407 0.890835646440326 0.96305827684732 1
"4" 0.33320404227 0.18581485092 0.05527389368 0.03117444758 0.04188932277 0.05454024449 0.06424356355 0.07103213667 0.07734956134 0.08105956134 0.08850313298 0.11436349488 0.16332960199 0.24015982063 0.34751909762 0.47889872763 0.63466572469 0.754200942494307 0.877985422238366 0.957299869413913 1
"5" 0.30650094309 0.16916056764 0.05039010056 0.02850848186 0.03839338659 0.05002913783 0.05890477285 0.06518118789 0.07113507178 0.07484507178 0.08222462366 0.10664454096 0.15253084033 0.22495284121 0.32722940654 0.45477471021 0.60834217123 0.735033261141954 0.865141204782472 0.951312720560608 1
"6" 0.28173352137 0.15371353452 0.04586032808 0.02603576898 0.03515086687 0.04584503619 0.05395298505 0.05975436777 0.06537106354 0.06908106354 0.07640123638 0.09948512528 0.14251486869 0.21084819853 0.30841049222 0.43239941553 0.58392678239 0.716504955866952 0.852341820665649 0.945124530377915 1
"7" 0.25865605095 0.1393204962 0.0416396348 0.0237317763 0.03212959345 0.04194642765 0.04933907175 0.05469783495 0.0600003499 0.0637103499 0.0709751953 0.0928142168 0.13318231515 0.19770595555 0.2908756457 0.41155085055 0.56117732465 0.698587554766753 0.839610762338214 0.938756551164662 1
"8" 0.23708049993 0.12586418028 0.03769363112 0.02157773122 0.02930494943 0.03830154691 0.04502543945 0.04997038953 0.05497917106 0.05868917106 0.06590228982 0.08657746192 0.12445713941 0.18541903117 0.27448199558 0.39205914417 0.53990843871 0.681263238907029 0.826974231189887 0.932231877761511 1
"9" 0.21683822355 0.1132394058 0.0339914732 0.0195567967 0.02665485605 0.03488190385 0.04097837075 0.04553507955 0.0502682791 0.0539782791 0.0611428677 0.0807261112 0.11627114135 0.17389138495 0.2591014013 0.37377193995 0.51995387685 0.664503576855198 0.814446620860923 0.925567913177248 1
"10" 0.19779059208 0.10135971168 0.03050780672 0.01765513232 0.02416116408 0.03166407896 0.0371701492 0.04136152968 0.04583541136 0.04954541136 0.05666433392 0.07522009152 0.10856825896 0.16304406952 0.24462852848 0.35656399752 0.50117697976 0.648283639848587 0.8020409584913 0.918781323063436 1
"11" 0.179972158838765 0.0888027814049214 0.0269484977727876 0.0159275164711235 0.0220547645258251 0.0289820948338315 0.0339170282358088 0.0376559782856685 0.0418459367737815 0.0455489248227723 0.0527116324043578 0.0703867794292963 0.10171055192849 0.153441596573993 0.231966269006048 0.341753625891752 0.48493773258192 0.633902817096129 0.790811768646323 0.912480664392469 1
"12" 0.163374018348053 0.0769598393639285 0.0235818398535696 0.0141152466573227 0.0196675208656459 0.0259269503734849 0.0303608091465861 0.0338892763599766 0.0380049661586917 0.0418864637105978 0.0491721078828959 0.0661326795322902 0.0958326683307595 0.145284342836181 0.221303831585848 0.329419503279259 0.471847614722879 0.62207141146079 0.781411814772243 0.907093122581209 1
"13" 0.14740747995834 0.0662110556625522 0.0204833612883117 0.0124223599555319 0.0174246245029201 0.0230456974564379 0.0270000360259338 0.0303020477350448 0.0343056387681148 0.0383103247754673 0.0456681707457777 0.0618942896424826 0.0899612683258134 0.137102991845957 0.210546760961267 0.316882472974739 0.45845681075194 0.609746292755406 0.771465120789014 0.901281441568133 1
"14" 0.132067249422889 0.056423469431909 0.0176260454098854 0.01084014496116 0.0153174602920974 0.0203292810627562 0.0238250614615772 0.0268881572889279 0.0307472572983283 0.0348250321024048 0.0422076661280007 0.0576822290203135 0.0841114557366548 0.128919213894558 0.199723786656391 0.304174333352559 0.444795713614659 0.59694014009669 0.760963649413953 0.895023617573722 1
"15" 0.117339345430989 0.0474667312580889 0.0149823167592126 0.00935907483353294 0.0133361638503993 0.0177669770008304 0.0208242964397073 0.0236393941184574 0.0273271404619697 0.0314336262829428 0.0387976146215203 0.053506524692332 0.0782977450557217 0.120754369017742 0.188864195620488 0.291328874026353 0.430897903932042 0.583670290712646 0.749903194330894 0.888298951738953 1
"16" 0.103234717407354 0.0392352698145379 0.0125304914969389 0.00797233060027568 0.0114742780156367 0.0153523761392186 0.0179912066646619 0.0205529738084256 0.0240484217379087 0.0281453262339359 0.0354519159513853 0.0493860814514163 0.0725472780415334 0.112648149045493 0.178022825618547 0.278411824864928 0.416832984897163 0.569991335285158 0.738311585303244 0.881105947807561 1
"17" 0.0897275856386427 0.031613378768706 0.0102443570691619 0.00666984876199388 0.00972071566091031 0.013072931828633 0.0153120419723849 0.0176181160237673 0.0209057099914413 0.0249610904060296 0.0321766703584635 0.0453306515527012 0.0668747008101682 0.104623262833611 0.167233082290789 0.265465366028434 0.402646724148042 0.555938633157185 0.72620234667492 0.873434747557307 1
"18" 0.0768281887852695 0.0245194660227817 0.00810631368083058 0.00544567713582929 0.00806957702965078 0.0109226440440772 0.012780695999314 0.0148321183992791 0.0179019820006787 0.0218903585775508 0.0289870657595065 0.0413615862165659 0.0613111122146955 0.0967262292924265 0.156561527517948 0.252573349418267 0.388432378841183 0.541598882874555 0.713635808705669 0.865306215021813 1
"19" 0.064525418057966 0.0178741001658589 0.00609787153572139 0.00429255098678803 0.00651282030240967 0.00889250801516509 0.0103874704194973 0.0121879870062878 0.0150352238164505 0.0189373812488778 0.0258932162370205 0.0374942767404741 0.0558795033443808 0.0889926438517214 0.146061263011065 0.239805639811487 0.374270126337991 0.527051793545513 0.700670639419808 0.85674287276034 1
"20" 0.0528006551150815 0.0116088494564891 0.00420237775343542 0.00320343653928084 0.00504231324635863 0.00697314127180916 0.00812212686266726 0.00967764257504034 0.0123016223177464 0.0161041170557098 0.0229027817169336 0.0337411981895049 0.0505989073723216 0.0814528180704684 0.135779096220958 0.227226171619065 0.360235500842837 0.512377848184317 0.68737060246097 0.847773559482053 1
"21" 0.0409683932896536 0.00764010408976294 0.00290778836858618 0.00227044895295294 0.00354676690585467 0.00496559323264687 0.00592848058571977 0.00733878911267934 0.00974097659832596 0.0133432924430581 0.0197568855488993 0.029665937881074 0.0448540955118151 0.0730795176168976 0.123918536589535 0.212062960465087 0.342830692150462 0.493820054938073 0.670230263749007 0.835941290546952 1
"22" 0.0306183734073228 0.00472654619459948 0.00187937052785564 0.00154592183460242 0.0024695806065378 0.00350030647039391 0.00419760247441943 0.00531339507410773 0.00730691406947679 0.0104748714328613 0.0162782255746592 0.0250141695248502 0.0381681339413963 0.0631338943548553 0.109494643418736 0.192978067045255 0.320137109056454 0.469016186482905 0.646759425950496 0.819245639205523 1
"23" 0.0213961442702327 0.00261738980163297 0.00109831504065354 0.000963271642957886 0.00158176046152918 0.00227615096382697 0.00274449828415984 0.00357074876287369 0.00512925747460071 0.00777644846235384 0.0128259207225314 0.0202779201889564 0.0312914188823006 0.0527315393583982 0.0940262718856665 0.171830825296987 0.294258869336036 0.43987664384866 0.618357007374355 0.798288467661239 1
"24" 0.0135989676294873 0.00123959095175928 0.000556821216763417 0.000529605382149156 0.00090045940293253 0.00132081600392347 0.00160360384906836 0.00216010250226992 0.00327878168131017 0.00533561153159136 0.00948811150693145 0.0155503344827667 0.024340060730686 0.0419941930131352 0.0775540388723429 0.148373690830823 0.264507077754427 0.405216651102857 0.583387748409458 0.771364807589512 1
"25" 0.00755496990014273 0.000470229095975989 0.000230732317926817 0.000243790040999923 0.000433647617321305 0.000652082824226309 0.000798801832320169 0.00112557689488043 0.00183512435909984 0.0032734901457877 0.00641801785243683 0.011021112983369 0.0175720516731231 0.0312570312106247 0.0604120246877329 0.122655064164454 0.230356092001219 0.363835745127525 0.539901931243441 0.736170394499149 1
