"0" "1" "5" "10" "15" "20" "25" "30" "35" "40" "45" "50" "55" "60" "65" "70" "75" "80" "85" "90" "95"
"1" 0.37142155491 0.3098568689 0.12788874734 0.06476847716 0.06704316702 0.09373130288 0.09944957823 0.10606288804 0.12142736949 0.14502854003 0.17164653805 0.20213639856 0.25680142917 0.33094183884 0.43996659157 0.61332465081 0.78883671346 0.848230727769237 0.933721249392638 0.979888015860352 1
"2" 0.33948044873 0.2816359667 0.11637585802 0.05905461548 0.06153834906 0.08611282064 0.09130848669 0.09737596012 0.11140488447 0.13309369209 0.15769093415 0.18658973968 0.23730229551 0.30723473252 0.41024754271 0.57367989643 0.74274644438 0.822332000350838 0.91889778307878 0.974065354101326 1
"3" 0.31081020397 0.2563049663 0.10604192178 0.05392586972 0.05659724034 0.07927449296 0.08400106641 0.08957859868 0.10240873083 0.12238100701 0.14516442435 0.17263510352 0.21979992939 0.28595530228 0.38357181019 0.53809487927 0.70137595182 0.796977465377179 0.903592998572466 0.9676703526931 1
"4" 0.28484636972 0.2333651588 0.09668348728 0.04928126672 0.05212256184 0.07308168896 0.07738345116 0.08251729168 0.09426179508 0.11267957676 0.1338203906 0.15999775552 0.20394974964 0.26668460528 0.35941421044 0.50586901252 0.66391074632 0.77227206798506 0.887953979690417 0.960760044506767 1
"5" 0.26116311187 0.2124403073 0.08814706638 0.04504463012 0.04804092414 0.06743284016 0.07134710511 0.07607622628 0.08683045893 0.10383028771 0.12347277885 0.14847042992 0.18949179669 0.24910658188 0.33737853349 0.47647375817 0.62973635922 0.748275994759077 0.872098584869896 0.953388257102337 1
"6" 0.23942634743 0.1932352397 0.08031224182 0.04115619668 0.04429475046 0.06224826224 0.06580687779 0.07016454292 0.08000989377 0.09570830919 0.11397562265 0.13789051888 0.17622212241 0.23297327132 0.31715393761 0.44949445813 0.59837071658 0.725015752045947 0.856118775286534 0.945603851007977 1
"7" 0.21937691249 0.1755209771 0.07308560026 0.03756960524 0.04083937578 0.05746614032 0.06069671397 0.06471175756 0.07371877911 0.08821680417 0.10521568895 0.12813187984 0.16398251463 0.21809231876 0.29849928823 0.42460944259 0.56943985094 0.702505048296061 0.840092824271708 0.9374542017405 1
"8" 0.20078922471 0.1590982109 0.06638583254 0.03424450196 0.03763592262 0.05303266928 0.05595911763 0.05965651924 0.06788633169 0.08127148343 0.09709441705 0.11908471536 0.15263526177 0.20429629404 0.28120469617 0.40153872261 0.54261825226 0.680725151100866 0.824070245231987 0.928975637949031 1
"9" 0.18349595381 0.1438190999 0.06015262594 0.03115095356 0.03465555282 0.04890793808 0.05155143993 0.05495331964 0.06246004659 0.07480982373 0.08953869755 0.11066758096 0.14207821347 0.19146100244 0.26511447187 0.38007461071 0.51766446686 0.659671379930663 0.808104838565786 0.920209055205676 1
"10" 0.16734717912 0.1295511848 0.05433194288 0.02826214112 0.03187242864 0.04505618816 0.04743546936 0.05056138528 0.05739288168 0.06877580696 0.0824830276 0.10280750592 0.13221984744 0.17947517088 0.25008912424 0.36003102792 0.49436216272 0.639319538340054 0.792230572188468 0.911186471208022 1
"11" 0.15221913564 0.1161851156 0.04887917336 0.02555592464 0.02926522008 0.04144789952 0.04357966092 0.04644705616 0.05264600196 0.06312318812 0.0758733322 0.09544425024 0.12298460868 0.16824693936 0.23601349828 0.34125435924 0.47253274984 0.619645352770799 0.776475953983124 0.901937772002441 1
"12" 0.13803162365 0.1036500335 0.0437654101 0.0230179574 0.0268201053 0.0380639432 0.03996357345 0.0425885206 0.04819424235 0.05782200045 0.06967457075 0.0884963717323105 0.113855696710601 0.15730157476146 0.222380694672167 0.323006991347892 0.451036748681174 0.599693277080175 0.760090811229814 0.892015181583725 1
"13" 0.12469598342876 0.0901406528091818 0.038608338533211 0.0206219563453581 0.0247647515987202 0.0352351528105823 0.0369745338240152 0.0393823605299901 0.0444305556987537 0.053223321977945 0.0640959146809688 0.0824580261019375 0.106450290997901 0.148513572161704 0.211570573865998 0.30877711658923 0.434876259374665 0.584313639609787 0.747181464433181 0.883983578070091 1
"14" 0.112901277065822 0.0778572997516565 0.0338799697798785 0.0183867826984179 0.0227149387328307 0.0323654779985747 0.0339015648977222 0.0361681278972731 0.0407960582225665 0.0490116986212566 0.0593873059850662 0.0774130475340074 0.100242236255772 0.141092818543696 0.202393234546608 0.296657076374412 0.421035336467479 0.57088100188388 0.735708065619923 0.87668965206988 1
"15" 0.101403233756958 0.0666315511353435 0.0294511487387001 0.0162486279395166 0.0206960055470077 0.0295384631867878 0.0308790028802905 0.0329972694792936 0.0372053772999131 0.0448328181082924 0.0546786796210322 0.072308628626768 0.0939417562702224 0.133511940184123 0.192971888890391 0.284177477158537 0.406710683312684 0.556724584694743 0.723416617845362 0.868715239826789 1
"16" 0.0902410922482152 0.0563695867935842 0.0253101880864254 0.01420987529806 0.0187170384115826 0.0267670436740956 0.0279203220725278 0.0298843564350026 0.0336750508534353 0.0407066386693643 0.0499935778431438 0.0671710182526418 0.0875809247628426 0.125808372563856 0.183351072880047 0.271395160762218 0.391962268724113 0.541877683251381 0.710305465509839 0.86002833516282 1
"17" 0.0794432309573452 0.0469631470497632 0.0214388257849361 0.0122701041355671 0.0167857449966448 0.0240622450247232 0.0250368268115851 0.026841930382286 0.0302194511156102 0.0366510853037313 0.0453542689473624 0.0620267969666229 0.0811927526872417 0.118022048187232 0.17357961311197 0.258373551826514 0.376859232301596 0.526386363618447 0.696384871448201 0.850603431018829 1
"18" 0.0690457985498429 0.0383127190786891 0.0178204573733078 0.0104297321136419 0.0149116521008576 0.0214376468870017 0.0222424296122957 0.0238855261283451 0.0268564941931142 0.032688724533272 0.0407893612859375 0.0569113683724658 0.0748217908553538 0.11020849765851 0.163727297954972 0.245205095684444 0.361506408707573 0.510338613253761 0.681705107397471 0.840442104987857 1
"19" 0.0590778686662351 0.0303203102664561 0.0144362067653122 0.00868763098975337 0.0131033041896188 0.0189054412760457 0.0195494706896354 0.0210292423831234 0.0236026178383148 0.0288408441874895 0.0363270091253035 0.0518614739493682 0.0685149039406671 0.1024278134995 0.15387131149191 0.231993462556721 0.346024344762298 0.493846709788525 0.666343633935081 0.829567119939785 1
"20" 0.0495551591748717 0.0228910412553147 0.0112646338554871 0.00704046242188831 0.0113668772719049 0.0164744727617728 0.0169666809948644 0.0182835075032695 0.0204702110551018 0.0251242786466192 0.0319909792941771 0.04691039808323 0.0623152234657704 0.0947370647877059 0.144086602171214 0.218840675402919 0.330534404859354 0.477032820074186 0.650393801405847 0.818016663752315 1
"21" 0.0404829025345747 0.0159401210240051 0.00828423623867998 0.00548358658637819 0.00970644903636557 0.0141506026786315 0.01449962339686 0.015655451533653 0.0174679936907474 0.021551675098719 0.027800596343376 0.0420873411159317 0.0562612199797407 0.0871887929165537 0.134443718671326 0.205844048127519 0.315154968449619 0.460025075270744 0.633962297309777 0.805844115659025 1
"22" 0.0317312087811222 0.00929317071052703 0.00543078270068712 0.00398851603763277 0.00809919410071835 0.0119020063996435 0.012113928632619 0.0131095537485994 0.0145559304666426 0.0180774714291748 0.0241912864170516 0.0378944093392712 0.0511651456316814 0.080617976495781 0.125820132702604 0.194092638105986 0.300861898801233 0.443934843306587 0.618139759038557 0.793862742618497 1
"23" 0.0241912574740522 0.00561307800298017 0.00367304429295333 0.00286955739934447 0.00609787354336865 0.00880914955767388 0.00897233661840346 0.00997965951671122 0.0113817895522424 0.0145606244090692 0.0199393270208898 0.0324745442822254 0.0442637350650956 0.071413820499452 0.113466214939377 0.176965398745166 0.279594558777477 0.419478685759916 0.593568959990904 0.77475539463569 1
"24" 0.0167862699971032 0.00302953394153675 0.00217596153768019 0.00184807176417441 0.00445241291881757 0.00645316968118347 0.00652743399862473 0.00733247345797556 0.00838644294472985 0.0108946987137689 0.0153687751153899 0.0263789025018561 0.0364159823763014 0.0606551705760276 0.0987216315648168 0.156260525681042 0.253305764221173 0.388375970019127 0.561397780174894 0.748822240929056 1
"25" 0.0105493569731683 0.00138338924505266 0.00111849997570677 0.00105637348872229 0.00298528259147634 0.00434480910004943 0.00435636297609959 0.00495558624930239 0.0056883842254064 0.00753532501634121 0.0110386237721981 0.0202532244375313 0.0284157445811475 0.049286595131276 0.0827121326079721 0.133401422924027 0.22342711379954 0.35180831939164 0.522218391669588 0.715845382016268 1
