"0" "1" "5" "10" "15" "20" "25" "30" "35" "40" "45" "50" "55" "60" "65" "70" "75" "80" "85" "90" "95"
"1" 0.50546186212 0.24732697779 0.06943340017 0.03229312984 0.04838364862 0.07074543448 0.07248220999 0.08133969594 0.09942338183 0.12076706772 0.1439002928 0.17222816266 0.21556802897 0.28354497839 0.39093590178 0.52275801476 0.6820475362 0.784440105864125 0.895744662005216 0.964248487318035 1
"2" 0.46488458144 0.22565577048 0.06349095304 0.02971171008 0.04466696944 0.06529995776 0.06687421688 0.07501333328 0.09170503096 0.11165672864 0.1337253536 0.16126654992 0.20321913864 0.26860995768 0.37166475536 0.50004340512 0.6566572944 0.767295879007033 0.884719262681968 0.959285381960551 1
"3" 0.42788624548 0.20589597891 0.05807263393 0.02735797336 0.04127810398 0.06033477592 0.06176085271 0.06924496026 0.08466744407 0.10334992788 0.1244478512 0.15127175914 0.19195942913 0.25499221631 0.35409333762 0.47933224004 0.6335064898 0.750992015244983 0.873925561981362 0.954255869875456 1
"4" 0.39392865152 0.18776016384 0.05309962432 0.02519768064 0.03816775552 0.05577766208 0.05706773504 0.06395066624 0.07820824768 0.09572582912 0.1159328288 0.14209839936 0.18162510912 0.24249366144 0.33796604288 0.46032324096 0.6122583552 0.735461120070278 0.863368283726808 0.949178502910008 1
"5" 0.36258058272 0.17101802424 0.04850877352 0.02320339904 0.03529642672 0.05157074688 0.05273526744 0.05906322064 0.07224541848 0.08868761632 0.1080721568 0.13362998096 0.17208494632 0.23095557784 0.32307807568 0.44277501856 0.5926430672 0.720639800253265 0.853046329127577 0.944067605831755 1
"6" 0.33350144152 0.15548765634 0.04425020182 0.02135346064 0.03263292052 0.04766832208 0.04871637754 0.05452952124 0.06671417018 0.08215881912 0.1007804288 0.12577449436 0.16323528662 0.22025260394 0.30926767788 0.42649691096 0.5744475052 0.706474221351938 0.842958239042859 0.938935960731223 1
"7" 0.30640937784 0.14101853178 0.04028263294 0.01962993488 0.03015142084 0.04403256336 0.04497211218 0.05030562508 0.06156089106 0.07607615704 0.0939869696 0.11845580012 0.15499035454 0.21028100098 0.29640099196 0.41133114232 0.5574953084 0.69291420514547 0.83309944960269 0.933793556043689 1
"8" 0.28107904944 0.12749030148 0.03657306604 0.01801848608 0.02783128744 0.04063322976 0.04147132788 0.04635639928 0.05674271796 0.07038903664 0.0876352736 0.11161302392 0.14728157164 0.20095782868 0.28437099736 0.39715156912 0.5416454744 0.679918708293508 0.82346730870574 0.92865027776666 1
"9" 0.25731061152 0.11479623384 0.03309223432 0.01650640064 0.02565421552 0.03744350208 0.03818640504 0.04265068624 0.05222163768 0.06505258912 0.0816752288 0.10519217936 0.14004811912 0.19220953144 0.27308278288 0.38384632096 0.5267729552 0.667444863814412 0.81405386555945 0.923512191107192 1
"10" 0.23494866752 0.10285333584 0.02981738032 0.01508379264 0.02360597152 0.03444252608 0.03509586704 0.03916425824 0.04796809168 0.06003192512 0.0760678688 0.09915128736 0.13324270512 0.18397891344 0.26246254688 0.37132840896 0.5127805152 0.65546124167716 0.804856411518613 0.918387286901879 1
"11" 0.214000207888499 0.0900473247311745 0.0263889972987754 0.0138320342747039 0.0218570285759875 0.0317826632916313 0.0323281318087383 0.0360111788732061 0.0440321294475811 0.0553798692506434 0.070924570957984 0.0936546042671598 0.127064815823507 0.176689952255706 0.253177080274631 0.360681661792903 0.50079660555778 0.645006199449285 0.796709557323747 0.913762665570457 1
"12" 0.194798872135909 0.0784790614216999 0.0234503795596844 0.0126110865708344 0.02014116333249 0.0292729596705201 0.0297695175590392 0.0331367641090338 0.0405682887189308 0.0513991817014793 0.0666466150132545 0.0892378057461055 0.122223214940276 0.170897248882569 0.245751523992863 0.352006668833223 0.491234656923313 0.636537022268124 0.790026740382766 0.909910184808266 1
"13" 0.176258388138627 0.0678829864611697 0.0206840965172759 0.0114301100127613 0.0184641963085414 0.0268212064004133 0.0272684242600601 0.0303276852709059 0.0371770594415138 0.0474732441359374 0.0623802554771466 0.0847828637249921 0.117305735950521 0.164992196395027 0.238164655075563 0.343113460815434 0.481401314162849 0.627709531494478 0.782981996422442 0.905792196256201 1
"14" 0.158375988770863 0.0581502132006251 0.0180783090392867 0.0102891997019228 0.0168280577579868 0.0244301018656956 0.0248276490862759 0.0275869598496271 0.0338625058866787 0.0436088130553638 0.0581350362289125 0.0803003788693048 0.112323526095325 0.158987465174721 0.230431996255778 0.334018626251092 0.471312862839663 0.618528472397744 0.775569579448693 0.901396916338037 1
"15" 0.141164247094317 0.0491846064904641 0.015623355360765 0.00918944643085911 0.0152363024236317 0.0221047051324822 0.0224524202966827 0.0249203266916382 0.0306320648554169 0.039816988171197 0.0539260312195582 0.0758076223068805 0.107295675822589 0.152905607137548 0.222582024410028 0.324754349409109 0.461003208824093 0.609015465540274 0.767797427502586 0.896720344929105 1
"16" 0.124626712469823 0.0408911369492885 0.01330841297112 0.00813137723397827 0.0136918514241837 0.0198491379727532 0.0201470342385045 0.0223324730673746 0.0274919846986482 0.036107899381143 0.049768072449076 0.0713225942856122 0.102242766466813 0.146771391215907 0.214646397832266 0.315357095475996 0.450511526949268 0.599198569585421 0.759679342667962 0.891762073345227 1
"17" 0.108752083313702 0.0331760407440303 0.011121126119193 0.00711456939014335 0.0121963320338577 0.0176656272431467 0.0179138727741668 0.019825937891047 0.0244459689126429 0.0324889786748085 0.0456736556225713 0.0668616824024733 0.097184227145944 0.140608610253643 0.20665584686102 0.305862795590877 0.439876955707694 0.589107650230535 0.75123148303976 0.886523401632719 1
"18" 0.093558484916395 0.025970157190079 0.00905401765382393 0.0061404762571602 0.0107541596666206 0.0155604702452132 0.0157595029643181 0.0174079638117524 0.0215034854726685 0.0289747397941699 0.0416638997907198 0.0624515806502432 0.0921518959304081 0.134456654406645 0.198661716132499 0.296332555454129 0.429167535366378 0.578802502699169 0.742496514463362 0.881022823324696 1
"19" 0.079035583472112 0.0192020610170644 0.00709677969759375 0.00520870948123493 0.00936699160084807 0.013535942839754 0.0136863989252434 0.015081211512852 0.0186684620929257 0.0255732378520188 0.0377530829006796 0.0581123688036313 0.0871708455701675 0.128347185588195 0.190705762542633 0.286816865429032 0.418440251366531 0.568335618343883 0.733513127651445 0.87527774008262 1
"20" 0.0651785935691912 0.0128154685972035 0.00524119986405462 0.00431920676672558 0.00803682181401164 0.0115948245047349 0.0116975635859683 0.0128489525892503 0.0159455662395199 0.0222933747099362 0.033956657917992 0.0538660285013807 0.0822689395035557 0.122315737674176 0.182835174858889 0.277373432954662 0.407761025198622 0.557771407603656 0.724332550036686 0.869315153834078 1
"21" 0.0514602866217899 0.0087937558319578 0.0039789770955919 0.00346116790260609 0.00659185133767952 0.00946131376054136 0.00965457163784473 0.010652974925515 0.0133430517436768 0.0190804126715735 0.029997597073329 0.0491851456063082 0.0766520083435297 0.115182520124291 0.173290016391258 0.265494813095648 0.394057907635738 0.544004178465551 0.712197183337313 0.861293137964902 1
"22" 0.0388810606780831 0.00558090158335784 0.0027493820693356 0.00263263583169804 0.00519994286741905 0.00744882635091438 0.00760724182202562 0.00837972225066704 0.0105501862351045 0.0154740944017385 0.0253277588182381 0.0433342198174505 0.0694013575963416 0.105869517064041 0.160802413932466 0.249883341038069 0.375825384107939 0.525315250312085 0.69541328384138 0.849937926557929 1
"23" 0.0275353474169434 0.00318882224812219 0.00174431236576806 0.00187981756704127 0.00388329811710139 0.00554929544745508 0.00567306369519299 0.00623612357241818 0.0079015119289979 0.0119566932272887 0.020565308971568 0.0370787884990733 0.0614109738016779 0.0954331410356779 0.146659561244421 0.231921216518913 0.354536373865591 0.50295252613398 0.674859864794821 0.835626478436661 1
"24" 0.01779960341108 0.00157132634142861 0.00098117838885979 0.00122787115474114 0.00268451937656329 0.00382448720668786 0.00391480338800224 0.00429202463472522 0.00548218871742475 0.00862970520988421 0.0158033020356241 0.030444783883348 0.0526106831924082 0.083696372005971 0.130542955523072 0.211045028443456 0.329334537265521 0.475717210001655 0.649133474904534 0.81709279624151 1
"25" 0.0101074297889817 0.00062747021618024 0.000465200664917783 0.000706712064576015 0.00166303535682725 0.00235983950673516 0.00241958893682886 0.00264368038765884 0.00341220930777808 0.00565341518527401 0.0112299829553958 0.0235758358002025 0.0430474009386423 0.0705964919148009 0.112247693616059 0.186741177615462 0.299295681496849 0.442154906964552 0.616372775473046 0.792508971559424 1
