"0" "1" "5" "10" "15" "20" "25" "30" "35" "40" "45" "50" "55" "60" "65" "70" "75" "80" "85" "90" "95"
"1" 0.33576874116 0.3470819925 0.08014609916 0.03824145538 0.0573579654 0.08603637062 0.0861697714 0.0848135869 0.09275221956 0.10880928254 0.1257070958 0.15636122678 0.2020443951 0.28730174846 0.39776140672 0.55533439162 0.72845762404 0.813801915115481 0.913834664966522 0.971991483400233 1
"2" 0.31142398422 0.31622377875 0.07289204522 0.03496709371 0.0524477793 0.07873077329 0.0788180563 0.07793661355 0.08533539702 0.10045111493 0.1165649261 0.14573515001 0.18911785545 0.26948129957 0.37440953824 0.52591939279 0.69643018918 0.79381152962096 0.901628417465626 0.966822648115169 1
"3" 0.28943544072 0.288352185 0.06634007672 0.03200964196 0.0480128268 0.07213225004 0.0721778788 0.0717252298 0.07863641352 0.09290189468 0.1083075836 0.13613752076 0.1774424142 0.25338560732 0.35331778624 0.49935133204 0.66750253768 0.774712938664285 0.889530350264225 0.961473147549524 1
"4" 0.26941345958 0.26297330875 0.06037408858 0.02931669219 0.0439745177 0.06612387081 0.0661315707 0.06606936595 0.07253655878 0.08602784477 0.1007887429 0.12739826289 0.16681117505 0.23872944573 0.33411239136 0.47515940631 0.64116205302 0.756454557082467 0.877575144793481 0.955974990591556 1
"5" 0.2510587579 0.23970779375 0.0549049029 0.02684799095 0.0402724885 0.06061582405 0.0605887535 0.06088447975 0.0669446539 0.07972621385 0.0938960145 0.11938674445 0.15706522525 0.22529373865 0.3165062768 0.45298200155 0.6170150051 0.73898517744296 0.865787151021234 0.950355373586577 1
"6" 0.2341346913 0.21825568125 0.0498620063 0.02457170965 0.0368590095 0.05553709535 0.0554779645 0.05610372325 0.0617886033 0.07391575595 0.0875405315 0.11199967415 0.14807891175 0.21290526155 0.3002724496 0.43253318785 0.5947500697 0.722254182369606 0.854182242301038 0.944637033751683 1
"7" 0.21845495954 0.19838082625 0.04518988654 0.02246279097 0.0336965051 0.05083177803 0.0507429441 0.05167446985 0.05701164914 0.06853250951 0.0816523327 0.10515573507 0.13975331315 0.20142764199 0.28523220768 0.41358786453 0.57412215426 0.706217268297447 0.842773251972991 0.938840620893909 1
"8" 0.2038671841 0.17989008125 0.0408431391 0.02050074005 0.0307542415 0.04645414495 0.0463376765 0.04755367525 0.0525673681 0.06352415915 0.0761741955 0.09878841655 0.13200751975 0.19074933835 0.2712393872 0.39596191745 0.5549307929 0.6908323396063 0.831568452590645 0.932983855852982 1
"9" 0.19024043432 0.162617485 0.03678275032 0.01866794676 0.0280058108 0.04236490524 0.0422226228 0.0437043538 0.04841587112 0.05884575308 0.0710569516 0.09284056956 0.1247720102 0.18077450892 0.25816839744 0.37949714724 0.53700373608 0.676054704110732 0.82056885477913 0.927079891239293 1
"10" 0.177706727054078 0.147587421426438 0.0326609248184764 0.0169347882867509 0.0256444606015835 0.03889527097 0.0387310859 0.04043828515 0.04489341286 0.05487622349 0.0667150773 0.0876456063005469 0.118482287163015 0.172168100125131 0.247048736471189 0.36552713447 0.521702251241918 0.66312993791883 0.81075948749995 0.921688341343203 1
"11" 0.16662502465966 0.130675984497593 0.0288928409242405 0.0153128937294376 0.0231387800858731 0.0352622886326714 0.034990622222118 0.0372634521331036 0.0415332470720756 0.0511521288420844 0.062627429610395 0.0828782226083433 0.112808155712548 0.164373351727569 0.236879277110588 0.353091235472656 0.508238048248867 0.651519118306132 0.801797987841841 0.916660462086603 1
"12" 0.155799615588289 0.115088569751341 0.0254062684560739 0.0137780528657157 0.0207766483688577 0.0315790963083732 0.031436270731409 0.0338914193123763 0.0379383385366995 0.0471947942833194 0.0584459348958699 0.0781915547080058 0.107200235385401 0.156655527800189 0.226782317581658 0.340430984180639 0.494730690819307 0.639646618456414 0.792489101058526 0.911335815582217 1
"13" 0.145246945922611 0.100695374929002 0.0221740643217512 0.012325796332488 0.0185497868261936 0.0281299422323813 0.028085542253374 0.0306876555680877 0.0345086011332675 0.0433859321975955 0.0543812535584534 0.0735952265523051 0.101671937090993 0.149033859627205 0.216784347324007 0.327841956464877 0.48121893457709 0.627544676315711 0.782849667017089 0.905714288750102 1
"14" 0.134978945657125 0.0873698475343887 0.0191697056141539 0.0109511488681078 0.0164492137308995 0.0248968823351339 0.0249250212332324 0.0276446824880859 0.0312384170295927 0.0397243394460218 0.0504369848112475 0.0690971137600574 0.0962348527467733 0.141525215606065 0.206909059149654 0.315356376451595 0.467739415479403 0.61524612266497 0.772898428814799 0.899797475036292 1
"15" 0.125010211172564 0.0749999961837574 0.0163698178942118 0.00964972854354502 0.0144669454887495 0.021863825798569 0.0219427730699842 0.0247559708970896 0.0281230618727597 0.0362096575154177 0.0466176857970185 0.0647064192482611 0.0909024169410801 0.134149134765951 0.197183928929036 0.303011836179352 0.454335528743914 0.602792529785212 0.762662865213659 0.893593001692376 1
"16" 0.115356087842067 0.0634862732857558 0.013753703676724 0.00841754624304618 0.0125956943161974 0.019016076126675 0.0191278887930046 0.0220154732818061 0.0251581840998074 0.0328417420456479 0.0429281415408427 0.0604328064192414 0.0856888470222849 0.126926359998529 0.187638286507278 0.290848878675265 0.441054906801262 0.590232353625532 0.752178229193802 0.887114479125499 1
"17" 0.106021050519976 0.052728895332392 0.0113004454689657 0.00724963587822095 0.0108268030649549 0.0163372241300182 0.0164673793985866 0.0194145508627017 0.0223364437168086 0.0296167476887967 0.0393689539436741 0.0562811737960416 0.080602695113225 0.11986987268146 0.178291406769486 0.278895722587837 0.427932632978003 0.577604954847057 0.741474379515762 0.880373631034362 1
"18" 0.0969534776036876 0.0425798409611658 0.00897785399634011 0.00613471298781401 0.00914221246808601 0.0137971327779642 0.0139341011469659 0.0169300544394409 0.0196344780162508 0.0265119572119861 0.0359194183606069 0.0522312586252985 0.0756215526390302 0.112949651804884 0.169105533374325 0.267107585022841 0.414923683411367 0.564872840707132 0.730516458789116 0.87334158353956 1
"19" 0.0863788309469655 0.0313880932158635 0.00689201639826854 0.00503134677509787 0.0073975722076717 0.0107212509868387 0.0112512240436083 0.0139013967573669 0.0163331023739864 0.0226984293948512 0.0317528778276079 0.0474521383885363 0.0698709740558178 0.104797480274307 0.157890885609424 0.252260176272155 0.398444279105273 0.548437033259722 0.716125757391906 0.863907497371961 1
"20" 0.0763015032027819 0.0240140438817053 0.00528253188008649 0.00408457262539246 0.00596517035655898 0.00848100379220268 0.00907943503659355 0.0114311571194226 0.0136311710515083 0.0193997414272051 0.0278901066381968 0.0426785439282214 0.0637749942168827 0.0961733377847855 0.146108885794775 0.236348987195031 0.380082441275152 0.529716947605496 0.699398479089628 0.852661283042035 1
"21" 0.066264599582677 0.0177108796246543 0.00390410368302218 0.00322263551410597 0.00467043827744851 0.00655031874642144 0.00711481459360717 0.00921786294783424 0.0111253719939313 0.016254152938588 0.0240659653792731 0.0378318907356877 0.0574877177114921 0.0872270880247828 0.133777832243723 0.219610766222154 0.36040884466177 0.509179712701585 0.680634772372346 0.83969235708559 1
"22" 0.0563193925573123 0.0124676091121417 0.00275490834197447 0.00245202896018688 0.00352235215208209 0.0048630888038331 0.00537112560784472 0.00719233627207879 0.0088023285515546 0.0132549084420148 0.0203028301030792 0.032922756073593 0.0510038220331338 0.0779399144396345 0.120846073698497 0.201777375450692 0.338985591254746 0.486245425006491 0.659169122148202 0.824404014646528 1
"23" 0.0465541596931641 0.0082652839509624 0.00183148269950124 0.00178051683034246 0.00253138101132512 0.00343118799081841 0.00386446680191348 0.00537878164024438 0.00669095542764 0.0104385848373523 0.0166373022456084 0.0279777711725092 0.0443346906218675 0.0683138214362162 0.107283145950801 0.182726754596301 0.315512307017537 0.460423824547327 0.634350978851457 0.806135237417055 1
"24" 0.0371145832212577 0.00506768065768943 0.00112669761084649 0.00121662821715843 0.00170851699035613 0.00226566217804515 0.00261183544406746 0.00380645016434881 0.00482776025679592 0.007855881481437 0.0131273670808825 0.0230514871169067 0.0375249649962284 0.0583953704404946 0.0931121377766246 0.162385651177567 0.289687298540571 0.43116219892439 0.60538614942593 0.784020852042779 1
"25" 0.0282066843146956 0.00280223996304337 0.000625551897666093 0.000767097212858496 0.00106128549109171 0.00137053079967018 0.00162509476464703 0.00250409912057937 0.00325144509827516 0.00556780821958047 0.00985247677075319 0.0182316223254237 0.0306623741211226 0.04829070828602 0.0784315784401233 0.140757495621742 0.261223510377314 0.39784691301968 0.571304715146015 0.756918418668565 1
