"0" "1" "5" "10" "15" "20" "25" "30" "35" "40" "45" "50" "55" "60" "65" "70" "75" "80" "85" "90" "95"
"1" 0.31995130015 0.29780473025 0.1281670904 0.06687428085 0.068105114 0.0763636449 0.08896310865 0.10432203395 0.1194465963 0.1258861066 0.1336459116 0.15618772855 0.20963489665 0.2894938817 0.40590718535 0.5629601987 0.72247477205 0.812142312614774 0.914281878315392 0.972934494269405 1
"2" 0.29224289264 0.2705686024 0.11644815104 0.06088273296 0.0621816064 0.06988781024 0.08138662224 0.09536072752 0.10917651488 0.11543191616 0.12279148416 0.14413659248 0.19341329104 0.26790509792 0.37714215216 0.52560207712 0.67972545808 0.785079166503441 0.897810449137196 0.966083426667075 1
"3" 0.2673700767 0.2461197345 0.1059284912 0.0555043413 0.056864292 0.0640746922 0.0745854897 0.0873164931 0.0999574414 0.1060475748 0.1130478648 0.1333187319 0.1788517537 0.2485256426 0.3513208423 0.4920670686 0.6413509749 0.758935852974306 0.881095361562802 0.958715073646607 1
"4" 0.24484298085 0.22397660475 0.0964009256 0.05063317815 0.052048446 0.0588098011 0.06842576235 0.08003089905 0.0916078057 0.0975482574 0.1042231524 0.12352108845 0.16566349435 0.2309738363 0.32793470365 0.4616946993 0.60659553495 0.733731802753426 0.864254401211171 0.950891029179127 1
"5" 0.22429890912 0.2037826992 0.08771205632 0.04619081568 0.0476565312 0.05400836992 0.06280826592 0.07338664416 0.08399317504 0.08979712128 0.09617526528 0.11458591584 0.15363617632 0.21496708736 0.30660720928 0.43399596096 0.57489956064 0.709470761579631 0.84738495564935 0.942670027047978 1
"6" 0.20544218018 0.1852473763 0.07973682848 0.04211331702 0.0436253368 0.04960129388 0.05765215038 0.06728810074 0.07700395556 0.08268260792 0.08878837392 0.10638461426 0.14259669598 0.20027501804 0.28703140242 0.40857219844 0.54580686646 0.686123380762712 0.830551512088127 0.934099260203376 1
"7" 0.18804544271 0.16814715985 0.07237908656 0.03835152069 0.0399062596 0.04553543786 0.05289524961 0.06166174003 0.07055587982 0.07611893924 0.08197341624 0.09881830247 0.13241195281 0.18672048938 0.26897126199 0.38511688318 0.51896668837 0.663661689623497 0.813809507403957 0.925223886718823 1
"8" 0.17192433722 0.1523008327 0.06556085792 0.03486556158 0.0364598872 0.04176771452 0.04848715302 0.05644793746 0.06458061524 0.07003655768 0.07565817168 0.09180679754 0.12297401542 0.17415985916 0.25223539818 0.36338145076 0.49409459134 0.642052107460092 0.797201590577947 0.916084174213285 1
"9" 0.15692025778 0.1375524923 0.05921506208 0.03162114342 0.0332523128 0.03826105548 0.04438449198 0.05159539754 0.05901937476 0.06437562232 0.06978050832 0.08528111746 0.11419002958 0.16246955084 0.23665915682 0.34315205924 0.47094587366 0.621248492362715 0.780752604118838 0.906711465447192 1
"10" 0.14291101344 0.1237820304 0.05329001984 0.02859184416 0.0302574144 0.03498690304 0.04055385504 0.04706460192 0.05382686848 0.05909003136 0.06429255936 0.07918811808 0.10598845984 0.15155436032 0.22211568736 0.32426396352 0.44933201568 0.60121862602167 0.764491011225645 0.897139447930615 1
"11" 0.12978659773 0.11088131555 0.04773920528 0.02575387647 0.0274516748 0.03191954718 0.03696516243 0.04281997289 0.04896232266 0.05413828012 0.05915123112 0.07347995461 0.09830490403 0.14132857694 0.20849078837 0.30656884634 0.42908329631 0.581919611808743 0.74843042978881 0.887393263660376 1
"12" 0.1174795114 0.098783999 0.0425340704 0.0230926446 0.024820664 0.0290432124 0.0335999574 0.0388396802 0.0444007188 0.0494949016 0.0543300816 0.0681272698 0.0910998454 0.131693718559642 0.195693655558831 0.289587125887076 0.409191916812014 0.562454216681478 0.731842153789568 0.877027401666225 1
"13" 0.106029203816006 0.085844155046022 0.0370441415703242 0.0205665518077052 0.0225195813052679 0.0266341101509866 0.0307472066317189 0.0353852230401864 0.0403958586334494 0.0455746352121545 0.0502258885109004 0.0636138700503089 0.0847900021792701 0.123413844312794 0.184908532983189 0.275988193721202 0.394120869552036 0.547368815962725 0.718717757269389 0.868613858690246 1
"14" 0.0955922005034796 0.0734841942683687 0.0318030171600275 0.0180030302900647 0.0200825091720781 0.0239899318728982 0.0277299580374669 0.031843580490548 0.0364421615674354 0.0417161648380446 0.0464395056317577 0.0595563694407737 0.0794728456917519 0.116470709903434 0.175808011109373 0.264440062297876 0.381231567039211 0.534234941894156 0.707099987576894 0.861011725386765 1
"15" 0.0854725552399649 0.0623588266497944 0.0270590816812277 0.0156176810546666 0.0177620422117745 0.0214467549561419 0.024817727747868 0.0284296115910688 0.0326132252653088 0.037919323782688 0.0426677334761426 0.0554682120749059 0.0741024814068612 0.10941815612871 0.166511608217512 0.252574454004217 0.367901113992858 0.520424608372763 0.694691572475687 0.852733738444286 1
"16" 0.0756944561867964 0.0523244428352451 0.0227585648337659 0.0134006127881894 0.0155588798252185 0.0190093565673471 0.0220168982501496 0.0251499714369006 0.0289182260491713 0.0341988574699371 0.0389273639894391 0.0513685993181666 0.0687038652789966 0.102288555408776 0.157060568609222 0.240440712628138 0.354178993433655 0.505965569473139 0.681488592419129 0.843747621524076 1
"17" 0.0662855487686311 0.0432414692464972 0.0188487262252574 0.0113415074942128 0.0134736684479137 0.0166828978466494 0.0193345234335588 0.0220120173368665 0.0253675312861545 0.0305722466839822 0.0352392385321593 0.0472825349534605 0.0633099405962924 0.0951259632109829 0.147513055727589 0.228111636674466 0.340143156519129 0.490918657281135 0.667518053866729 0.834041025048924 1
"18" 0.0572644860596615 0.034968986097306 0.0152752995381312 0.00942757469622879 0.0115044299122409 0.0144698587614993 0.0167747677442433 0.0190196885459665 0.0219679798583621 0.0270546964271975 0.0316231801993322 0.0432353379609745 0.0579544726458792 0.0879768153961449 0.137932102328494 0.215668484146143 0.325883785853624 0.475362818797602 0.652826404885806 0.823615593933705 1
"19" 0.0486486082113473 0.0273797847152316 0.0119887745174033 0.00764618519024312 0.00964861194439252 0.01237203836289 0.0143411421390379 0.0161761842331765 0.0187257794326876 0.0236616201880919 0.0281003179746356 0.0392551082459319 0.0526753235619023 0.0808942979658043 0.128391548246421 0.20320892408453 0.311512874635563 0.459407331744614 0.63749316086307 0.812498622098671 1
"20" 0.0404435443432037 0.0203568976425446 0.00894281063465719 0.00598358512465847 0.00790121185773669 0.0103881517688297 0.0120336353651353 0.0134806718550376 0.0156426033122415 0.0204039971666874 0.024687968331457 0.035366721685529 0.0475064787995663 0.0739275714864943 0.118961510413043 0.190828191925607 0.297142852759807 0.443169888637913 0.621612221741162 0.800731954102309 1
"21" 0.0326500760803435 0.0138034316834003 0.00609852649879418 0.00442708265806641 0.00625664538519152 0.00851568359595353 0.00985076523080212 0.0109307353858136 0.0127182063176358 0.0172904501657069 0.0214013337198813 0.0315933217838722 0.042479945846969 0.0671240287648301 0.109711110463141 0.178622365261543 0.28289018121493 0.42678107712514 0.605297511170814 0.788377817522153 1
"22" 0.0251397790392884 0.00753947690299218 0.00337991692294099 0.00294091620646863 0.00468303376434305 0.00672140405809873 0.00775503571536344 0.0084820373429139 0.00990388900359983 0.0142767824451769 0.01819932630092 0.0278931310118234 0.0379731683252543 0.0609425152674224 0.101125395606351 0.16731979784641 0.269442260890109 0.411053662871352 0.589368320494438 0.77605664423708 1
"23" 0.0187860595770598 0.00422295036482641 0.00199291971155966 0.00182759973831843 0.00305528807863932 0.00441024407519894 0.00532009353141959 0.00590069055510342 0.00719803340139484 0.0109198461619326 0.0148592955443652 0.0235367335070229 0.0323714846454131 0.0529690086739738 0.0896743883649747 0.151453918596749 0.249806253188291 0.387618052868533 0.56512868968728 0.75681820572689 1
"24" 0.0127690489196322 0.00216067839018532 0.00103997422844517 0.00106400487845307 0.00195219482867127 0.00294427375149767 0.00358820687193492 0.00394908422544975 0.00489146233340854 0.00792546155448365 0.0113114121054083 0.0188373880182489 0.0261096927245696 0.0438526924945444 0.0762728747147764 0.132435214230168 0.225600572806922 0.357932389419991 0.533539968349875 0.730862337772624 1
"25" 0.00781724715317258 0.000921974138064407 0.00045501795788397 0.000535003018095773 0.00110482070605608 0.00176177730841661 0.00217518678449575 0.00237049623021617 0.00299370812476962 0.00527378391149389 0.00799716611205345 0.0141935172853829 0.019867687393226 0.0344943591610414 0.0620906765479551 0.111670346575839 0.19819158232236 0.323200086381785 0.495279823303296 0.698079711898277 1
