1 0.27444
2 0.17836
3 0.12196
4 0.06556
5 0.0600688888888889
6 0.0545777777777778
7 0.0490866666666667
8 0.0435955555555556
9 0.044717
10 0.052451
11 0.060185
12 0.067919
13 0.075653
14 0.080354
15 0.082022
16 0.08369
17 0.085358
18 0.087026
19 0.088939
20 0.091097
21 0.093255
22 0.095413
23 0.097571
24 0.097431
25 0.094993
26 0.092555
27 0.090117
28 0.087679
29 0.087822
30 0.090546
31 0.09327
32 0.095994
33 0.098718
34 0.098718
35 0.095994
36 0.09327
37 0.090546
38 0.087822
39 0.087439
40 0.089397
41 0.091355
42 0.093313
43 0.095271
44 0.101416
45 0.111748
46 0.12208
47 0.132412
48 0.142744
49 0.148507
50 0.149701
51 0.150895
52 0.152089
53 0.153283
54 0.158136
55 0.166648
56 0.17516
57 0.183672
58 0.192184
59 0.198437
60 0.202431
61 0.206425
62 0.210419
63 0.214413
64 0.228713
65 0.253319
66 0.277925
67 0.302531
68 0.327137
69 0.337662
70 0.334106
71 0.33055
72 0.326994
73 0.323438
74 0.34768
75 0.39972
76 0.45176
77 0.5038
78 0.55584
79 0.578438
80 0.571594
81 0.56475
82 0.557906
83 0.551062
84 0.576275
85 0.633545
86 0.690815
87 0.748085
88 0.805355
89 0.830654
90 0.823982
91 0.81731
92 0.810638
93 0.803966
94 0.817494
95 0.851222
96 0.88495
97 0.918678
98 0.952406
99 1
100 1
101 1
102 1
103 1
104 1
105 1
106 1
107 1
108 1
109 1
110 1
111 1
112 1
113 1
114 1
115 1
116 1
117 1
118 1
119 1
120 1
121 1
122 1
123 1
124 1
125 1
126 1
127 1
128 1
129 1
130 1
131 1
132 1
133 1
134 1
135 1
136 1
137 1
138 1
139 1
140 1
141 1
142 1
143 1
144 1
145 1
146 1
147 1
148 1
149 1
150 1
