1 0
2 0
3 0.01619
4 0.04857
5 0.08095
6 0.11333
7 0.14571
8 0.17857
9 0.21191
10 0.24525
11 0.27859
12 0.31193
13 0.34432
14 0.37576
15 0.4072
16 0.43864
17 0.47008
18 0.489
19 0.4954
20 0.5018
21 0.5082
22 0.5146
23 0.50968
24 0.49344
25 0.4772
26 0.46096
27 0.44472
28 0.41982
29 0.38626
30 0.3527
31 0.31914
32 0.28558
33 0.26095
34 0.24525
35 0.22955
36 0.21385
37 0.19815
38 0.18232
39 0.16636
40 0.1504
41 0.13444
42 0.11848
43 0
44 0
45 0
46 0
47 0
48 0
49 0
50 0
51 0
52 0
53 0
54 0
55 0
56 0
57 0
58 0
59 0
60 0
61 0
62 0
63 0
64 0
65 0
66 0
67 0
68 0
69 0
70 0
71 0
72 0
73 0
74 0
75 0
76 0
77 0
78 0
79 0
80 0
81 0
82 0
83 0
84 0
85 0
86 0
87 0
88 0
89 0
90 0
91 0
92 0
93 0
94 0
95 0
96 0
97 0
98 0
99 0
100 0
101 0
102 0
103 0
104 0
105 0
106 0
107 0
108 0
109 0
110 0
111 0
112 0
113 0
114 0
115 0
116 0
117 0
118 0
119 0
120 0
121 0
122 0
123 0
124 0
125 0
126 0
127 0
128 0
129 0
130 0
131 0
132 0
133 0
134 0
135 0
136 0
137 0
138 0
139 0
140 0
141 0
142 0
143 0
144 0
145 0
146 0
147 0
148 0
149 0
150 0
